1476988717783.68
1476988717954.1
1476988717959.91
1476988717963.49
1476988718034.77
1476988718278.43
1476988718284.75
1476988718285.69
1476988718296.19
1476988718303.21
1476988718309.70
1476988718311.12
1476988718423.28
1476988718423.65
1476988718426.35
1476988718840.18
1476988718866.34
1476988718957.31
1476988718987.23
1476988719027.25
1476988719033.33
1476988719041.14
1476988719045.47
1476988719079.39
1476988719136.58
1476988719139.8
1476988719155.26
1476988719192.24
1476988719215.16
1476988719273.37
1476988719273.38
1476988719286.6
1476988719397.0
1476988719416.57
1476988719437.30
1476988719453.9
1476988719463.40
1476988719465.22
1476988719468.5
1476988719542.42
1476988719547.73
1476988719564.4
1476988719566.74
1476988719638.55
1476988719646.50
1476988719677.59
1476988719754.86
1476988719784.62
1476988719815.3
1476988719843.44
1476988719877.27
1476988719908.93
1476988719960.60
1476988720000.45
1476988720026.81
1476988720062.52
1476988720153.61
1476988720154.20
1476988720238.63
1476988720356.2
1476988720380.80
1476988720468.71
1476988720471.17
1476988720475.79
1476988720615.90
1476988720737.84
1476988720760.76
1476988720845.92
1476988720941.32
1476988720945.67
1476988720962.53
1476988720967.29
1476988720972.46
1476988720973.64
1476988721008.78
1476988721027.15
1476988721067.83
1476988721141.89
1476988721142.99
1476988721174.97
1476988721268.95
1476988721278.88
1476988721347.98
1476988721355.10
1476988721387.11
1476988721392.72
1476988721405.66
1476988721415.7
1476988721555.36
1476988721555.54
1476988721558.87
1476988721595.48
1476988721606.94
1476988722459.85
1476988722653.96
1476988722951.82
1476988725451.13
1476988725470.56
1476988725475.41
1476990033880.51